4.000000000000000000e+01 0.000000000000000000e+00 1.750000000000000167e-01
4.040404040404040131e+01 1.942696166270614731e-03 1.754917472370783604e-01
4.080808080808080973e+01 3.888322384348335322e-03 1.759569408529916557e-01
4.121212121212121104e+01 5.828578385806491846e-03 1.763959252784773335e-01
4.161616161616161946e+01 7.755158523560694642e-03 1.768093944077839819e-01
4.202020202020202078e+01 9.659795263745682078e-03 1.771983817344938150e-01
4.242424242424242209e+01 1.153430188911486534e-02 1.775642447177384065e-01
4.282828282828283051e+01 1.337061395805623325e-02 1.779086436399726912e-01
4.323232323232323182e+01 1.516082910600912055e-02 1.782335153164575359e-01
4.363636363636363313e+01 1.689724482932637717e-02 1.785410421075882825e-01
4.404040404040404155e+01 1.857239395346183680e-02 1.788336167663763243e-01
4.444444444444444287e+01 2.017907755548237203e-02 1.791138037232609115e-01
4.484848484848485128e+01 2.171039518280123981e-02 1.793842974678803714e-01
4.525252525252525260e+01 2.315977228309405375e-02 1.796478787317260517e-01
4.565656565656565391e+01 2.452098483197547377e-02 1.799073692063833663e-01
4.606060606060606233e+01 2.578818121265312457e-02 1.801655855493224656e-01
4.646464646464646364e+01 2.695590146310049978e-02 1.804252934332578606e-01
4.686868686868686495e+01 2.801909405923143359e-02 1.806891623865362617e-01
4.727272727272727337e+01 2.897313044538633170e-02 1.809597221516495991e-01
4.767676767676767469e+01 2.981381755482768320e-02 1.812393212577710633e-01
4.808080808080808310e+01 3.053740858199525954e-02 1.815300884622468580e-01
4.848484848484848442e+01 3.114061227456216621e-02 1.818338976663581019e-01
4.888888888888888573e+01 3.162060100690333719e-02 1.821523368535127307e-01
4.929292929292929415e+01 3.197501787793805006e-02 1.824866815343965110e-01
4.969696969696969546e+01 3.220198304637978542e-02 1.828378731145119118e-01
5.010101010101010388e+01 3.230009947655772956e-02 1.832065025258744762e-01
5.050505050505050519e+01 3.226845821985656337e-02 1.835927993872440434e-01
5.090909090909090651e+01 3.210664330243781506e-02 1.839966268768979119e-01
5.131313131313131493e+01 3.181473623146385821e-02 1.844174824192908735e-01
5.171717171717171624e+01 3.139332007190318019e-02 1.848545042026657481e-01
5.212121212121212466e+01 3.084348298658251900e-02 1.853064834594359556e-01
5.252525252525252597e+01 3.016682107589187256e-02 1.857718823556769872e-01
5.292929292929292728e+01 2.936544030277171355e-02 1.862488572511040719e-01
5.333333333333333570e+01 2.844195724548407439e-02 1.867352870073706039e-01
5.373737373737373701e+01 2.739949838710649746e-02 1.872288059413853289e-01
5.414141414141414543e+01 2.624169762829221819e-02 1.877268409427564622e-01
5.454545454545454675e+01 2.497269169983807810e-02 1.882266522016769472e-01
5.494949494949494806e+01 2.359711315478739413e-02 1.887253769269433001e-01
5.535353535353534937e+01 2.212008063650137621e-02 1.892200753747917130e-01
5.575757575757575779e+01 2.054718614919504374e-02 1.897077784593329264e-01
5.616161616161616621e+01 1.888447910019853959e-02 1.901855361760314833e-01
5.656565656565656752e+01 1.713844693752491002e-02 1.906504660423004871e-01
5.696969696969696884e+01 1.531599227060310119e-02 1.910998007451005509e-01
5.737373737373737015e+01 1.342440643426168374e-02 1.915309341854687375e-01
5.777777777777777857e+01 1.147133953387387099e-02 1.919414651248882164e-01
5.818181818181817988e+01 9.464767090388475149e-03 1.923292376687409100e-01
5.858585858585858830e+01 7.412953484997378099e-03 1.926923778677588350e-01
5.898989898989898961e+01 5.324412481594376946e-03 1.930293257789869044e-01
5.939393939393939092e+01 3.207865178168393082e-03 1.933388624024288405e-01
5.979797979797979934e+01 1.072195803227445673e-03 1.936201309969750872e-01
6.020202020202020066e+01 -1.073594172101842957e-03 1.938726523777083433e-01
6.060606060606060908e+01 -3.220433093504910388e-03 1.940963339041835711e-01
6.101010101010101039e+01 -5.359226813444605865e-03 1.942914719834225867e-01
6.141414141414141170e+01 -7.480906457458671478e-03 1.944587480295646154e-01
6.181818181818181301e+01 -9.576475714845798098e-03 1.945992179416552170e-01
6.222222222222222143e+01 -1.163705711943545905e-02 1.947142952791803550e-01
6.262626262626262985e+01 -1.365393681848016925e-02 1.948057284289682889e-01
6.303030303030303116e+01 -1.561860737354279875e-02 1.948755721644445382e-01
6.343434343434343248e+01 -1.752280819486532609e-02 1.949261540966311657e-01
6.383838383838383379e+01 -1.935856327796452517e-02 1.949600366037426702e-01
6.424242424242424931e+01 -2.111821598563201619e-02 1.949799749011165984e-01
6.464646464646465063e+01 -2.279446069741308811e-02 1.949888719743123888e-01
6.505050505050505194e+01 -2.438037122916776947e-02 1.949897311447184312e-01
6.545454545454545325e+01 -2.586942600462006914e-02 1.949856070685489218e-01
6.585858585858585457e+01 -2.725553003612441946e-02 1.949795559867150974e-01
6.626262626262627009e+01 -2.853303384064749884e-02 1.949745860451033430e-01
6.666666666666667140e+01 -2.969674947690250158e-02 1.949736084929898916e-01
6.707070707070707272e+01 -3.074196393876656511e-02 1.949793905426133733e-01
6.747474747474747403e+01 -3.166445017706545628e-02 1.949945106364538716e-01
6.787878787878787534e+01 -3.246047604551492022e-02 1.950213168217844739e-01
6.828282828282829087e+01 -3.312681147653744745e-02 1.950618888758798020e-01
6.868686868686867797e+01 -3.366073418881990187e-02 1.951180047612010027e-01
6.909090909090909349e+01 -3.406003421132505760e-02 1.951911119191870325e-01
6.949494949494949481e+01 -3.432301747897330280e-02 1.952823038351544638e-01
6.989898989898989612e+01 -3.444850871476292514e-02 1.953923022263216736e-01
7.030303030303029743e+01 -3.443585376345893040e-02 1.955214451210954552e-01
7.070707070707069875e+01 -3.428492148523980265e-02 1.956696810113622842e-01
7.111111111111111427e+01 -3.399610525616986872e-02 1.958365691713893075e-01
7.151515151515151558e+01 -3.357032405855302909e-02 1.960212861477924340e-01
7.191919191919191690e+01 -3.300902308069181973e-02 1.962226383355682446e-01
7.232323232323233242e+01 -3.231417368489105518e-02 1.964390804661323431e-01
7.272727272727271952e+01 -3.148827254718426782e-02 1.966687397454229824e-01
7.313131313131313505e+01 -3.053433972452850031e-02 1.969094452942612983e-01
7.353535353535353636e+01 -2.945591536716439529e-02 1.971587624602688660e-01
7.393939393939393767e+01 -2.825705476719448869e-02 1.974140314917967043e-01
7.434343434343435320e+01 -2.694232142054232490e-02 1.976724099907233023e-01
7.474747474747474030e+01 -2.551677777920630455e-02 1.979309184939378741e-01
7.515151515151515582e+01 -2.398597338453047068e-02 1.981864884742329525e-01
7.555555555555555713e+01 -2.235593009999501876e-02 1.984360120016263884e-01
7.595959595959595845e+01 -2.063312420315363549e-02 1.986763922672463989e-01
7.636363636363635976e+01 -1.882446514972193480e-02 1.989045941452049493e-01
7.676767676767676107e+01 -1.693727088683646964e-02 1.991176939545759583e-01
7.717171717171717660e+01 -1.497923966515107147e-02 1.993129275847052018e-01
7.757575757575757791e+01 -1.295841837832696110e-02 1.994877361633423107e-01
7.797979797979797922e+01 -1.088316754093856219e-02 1.996398084789114680e-01
7.838383838383838054e+01 -8.762123099015167726e-03 1.997671194156349916e-01
7.878787878787878185e+01 -6.604155348434019926e-03 1.998679637227908645e-01
7.919191919191919737e+01 -4.418325312286349414e-03 1.999409845162677668e-01
7.959595959595959869e+01 -2.213838996406911931e-03 1.999851960004883911e-01
8.000000000000000000e+01 -8.549647527652400703e-18 2.000000000000000111e-01
