4.020000000000000284e+01 -0.000000000000000000e+00 -1.276383828530000542e-01
4.060000000000000142e+01 -0.000000000000000000e+00 -1.294715696111309045e-01
4.100000000000000000e+01 -0.000000000000000000e+00 -1.317355836087003296e-01
4.139999999999999858e+01 -0.000000000000000000e+00 -1.342939107408137045e-01
4.179999999999999716e+01 -0.000000000000000000e+00 -1.370709168520356791e-01
4.220000000000000284e+01 -0.000000000000000000e+00 -1.400171384795176333e-01
4.260000000000000142e+01 -0.000000000000000000e+00 -1.430972689268758813e-01
4.300000000000000000e+01 -0.000000000000000000e+00 -1.462846929027639686e-01
4.339999999999999858e+01 -0.000000000000000000e+00 -1.495585820075650829e-01
4.379999999999999716e+01 -0.000000000000000000e+00 -1.529021853755756499e-01
4.420000000000000284e+01 -0.000000000000000000e+00 -1.563017480723001285e-01
4.460000000000000142e+01 -0.000000000000000000e+00 -1.597457885511907039e-01
4.500000000000000000e+01 -0.000000000000000000e+00 -1.632245951799051742e-01
4.539999999999999858e+01 -0.000000000000000000e+00 -1.667298633724874080e-01
4.579999999999999716e+01 -0.000000000000000000e+00 -1.702544267293594205e-01
4.620000000000000284e+01 -0.000000000000000000e+00 -1.737920531799080071e-01
4.660000000000000142e+01 -0.000000000000000000e+00 -1.773372873561553931e-01
4.700000000000000000e+01 -0.000000000000000000e+00 -1.808853266441183272e-01
4.739999999999999858e+01 -0.000000000000000000e+00 -1.844319222792656920e-01
4.779999999999999716e+01 -0.000000000000000000e+00 -1.879732994031338145e-01
4.820000000000000284e+01 -0.000000000000000000e+00 -1.915060917037302024e-01
4.860000000000000142e+01 -0.000000000000000000e+00 -1.950272874308651982e-01
4.900000000000000000e+01 -0.000000000000000000e+00 -1.985341843949270657e-01
4.939999999999999858e+01 -0.000000000000000000e+00 -2.020243521404202769e-01
4.979999999999999716e+01 -0.000000000000000000e+00 -2.054955999082409002e-01
5.020000000000000284e+01 -0.000000000000000000e+00 -2.089459493116545274e-01
5.060000000000000142e+01 -0.000000000000000000e+00 -2.123736108830674429e-01
5.100000000000000000e+01 -0.000000000000000000e+00 -2.157769638241794352e-01
5.139999999999999858e+01 -0.000000000000000000e+00 -2.191545384260823182e-01
5.179999999999999716e+01 -0.000000000000000000e+00 -2.225050007294694931e-01
5.220000000000000284e+01 -0.000000000000000000e+00 -2.258271390758126995e-01
5.260000000000000142e+01 -0.000000000000000000e+00 -2.291198522639004143e-01
5.300000000000000000e+01 -0.000000000000000000e+00 -2.323821390764779227e-01
5.339999999999999858e+01 -0.000000000000000000e+00 -2.356130889820327867e-01
5.379999999999999716e+01 -0.000000000000000000e+00 -2.388118738491157855e-01
5.420000000000000284e+01 -0.000000000000000000e+00 -2.419777405368821466e-01
5.460000000000000142e+01 -0.000000000000000000e+00 -2.451100042469683826e-01
5.500000000000000000e+01 -0.000000000000000000e+00 -2.482080425392845791e-01
5.539999999999999858e+01 -0.000000000000000000e+00 -2.512712899288989110e-01
5.579999999999999716e+01 -0.000000000000000000e+00 -2.542992329930867657e-01
5.620000000000000284e+01 -0.000000000000000000e+00 -2.572914059276371068e-01
5.660000000000000142e+01 -0.000000000000000000e+00 -2.602473864998889330e-01
5.700000000000000000e+01 -0.000000000000000000e+00 -2.631667923529416586e-01
5.740000000000000568e+01 -0.000000000000000000e+00 -2.660492776214197774e-01
5.779999999999999716e+01 -0.000000000000000000e+00 -2.688945298241712800e-01
5.820000000000000284e+01 -0.000000000000000000e+00 -2.717022670035358356e-01
5.860000000000000142e+01 -0.000000000000000000e+00 -2.744722350843786240e-01
5.900000000000000000e+01 -0.000000000000000000e+00 -2.772042054292567226e-01
5.940000000000000568e+01 -0.000000000000000000e+00 -2.798979725686267517e-01
5.979999999999999716e+01 -0.000000000000000000e+00 -2.825533520872751669e-01
6.020000000000000284e+01 -0.000000000000000000e+00 -2.851701786501240066e-01
6.060000000000000142e+01 -0.000000000000000000e+00 -2.877483041521228802e-01
6.100000000000000000e+01 -0.000000000000000000e+00 -2.902875959783937088e-01
6.140000000000000568e+01 -0.000000000000000000e+00 -2.927879353619773917e-01
6.179999999999999716e+01 -0.000000000000000000e+00 -2.952492158274768186e-01
6.220000000000000284e+01 -0.000000000000000000e+00 -2.976713417097632819e-01
6.260000000000000142e+01 -0.000000000000000000e+00 -3.000542267375963523e-01
6.300000000000000000e+01 -0.000000000000000000e+00 -3.023977926724537579e-01
6.340000000000000568e+01 -0.000000000000000000e+00 -3.047019679933901104e-01
6.379999999999999716e+01 -0.000000000000000000e+00 -3.069666866188660581e-01
6.420000000000000284e+01 -0.000000000000000000e+00 -3.091918866567631152e-01
6.459999999999999432e+01 -0.000000000000000000e+00 -3.113775091736510903e-01
6.500000000000000000e+01 -0.000000000000000000e+00 -3.135234969744384315e-01
6.540000000000000568e+01 -0.000000000000000000e+00 -3.156297933830024549e-01
6.579999999999999716e+01 -0.000000000000000000e+00 -3.176963410141954158e-01
6.620000000000000284e+01 -0.000000000000000000e+00 -3.197230805268285181e-01
6.659999999999999432e+01 -0.000000000000000000e+00 -3.217099493464266047e-01
6.700000000000000000e+01 -0.000000000000000000e+00 -3.236568803455309729e-01
6.740000000000000568e+01 -0.000000000000000000e+00 -3.255638004677754993e-01
6.779999999999999716e+01 -0.000000000000000000e+00 -3.274306292804237684e-01
6.820000000000000284e+01 -0.000000000000000000e+00 -3.292572774376298361e-01
6.859999999999999432e+01 -0.000000000000000000e+00 -3.310436450341374681e-01
6.900000000000000000e+01 -0.000000000000000000e+00 -3.327896198255987370e-01
6.940000000000000568e+01 -0.000000000000000000e+00 -3.344950752874659705e-01
6.979999999999999716e+01 -0.000000000000000000e+00 -3.361598684789856017e-01
7.020000000000000284e+01 -0.000000000000000000e+00 -3.377838376720455615e-01
7.059999999999999432e+01 -0.000000000000000000e+00 -3.393667996959804367e-01
7.100000000000000000e+01 -0.000000000000000000e+00 -3.409085469382936995e-01
7.140000000000000568e+01 -0.000000000000000000e+00 -3.424088439270477902e-01
7.179999999999999716e+01 -0.000000000000000000e+00 -3.438674234018587184e-01
7.220000000000000284e+01 -0.000000000000000000e+00 -3.452839817559593683e-01
7.259999999999999432e+01 -0.000000000000000000e+00 -3.466581736988891826e-01
7.300000000000000000e+01 -0.000000000000000000e+00 -3.479896059451610402e-01
7.340000000000000568e+01 -0.000000000000000000e+00 -3.492778296735857824e-01
7.380000000000001137e+01 -0.000000000000000000e+00 -3.505223314176330041e-01
7.420000000000000284e+01 -0.000000000000000000e+00 -3.517225219279238035e-01
7.459999999999999432e+01 -0.000000000000000000e+00 -3.528777223758617354e-01
7.500000000000000000e+01 -0.000000000000000000e+00 -3.539871470137411213e-01
7.540000000000000568e+01 -0.000000000000000000e+00 -3.550498810234201108e-01
7.580000000000001137e+01 -0.000000000000000000e+00 -3.560648516904524885e-01
7.620000000000000284e+01 -0.000000000000000000e+00 -3.570307900855227423e-01
7.659999999999999432e+01 -0.000000000000000000e+00 -3.579461788452631965e-01
7.700000000000000000e+01 -0.000000000000000000e+00 -3.588091788782769576e-01
7.740000000000000568e+01 -0.000000000000000000e+00 -3.596175227500051363e-01
7.780000000000001137e+01 -0.000000000000000000e+00 -3.603683525825893130e-01
7.820000000000000284e+01 -0.000000000000000000e+00 -3.610579592929281101e-01
7.859999999999999432e+01 -0.000000000000000000e+00 -3.616813305898546327e-01
7.900000000000000000e+01 -0.000000000000000000e+00 -3.622312813919465468e-01
7.940000000000000568e+01 -0.000000000000000000e+00 -3.626964951975594764e-01
7.980000000000001137e+01 -0.000000000000000000e+00 -3.630557133346966059e-01
